NumClues,Changes
0,0
3,3
6,9
9,18
12,30
15,45
18,63
21,84
24,108
27,135
